>CACGTG	1-CACGTG	6.233702	-63.752029	0	T:187.0(20.73%),B:3860.5(8.74%),P:1e-27	Tpos:24.1,Tstd:13.9,Bpos:25.0,Bstd:20.8,StrandBias:-0.0,Multiplicity:1.15
0.001	0.997	0.001	0.001
0.997	0.001	0.001	0.001
0.001	0.839	0.001	0.159
0.001	0.001	0.997	0.001
0.001	0.206	0.001	0.792
0.001	0.001	0.997	0.001
>GGGCCM	2-GGGCCM	4.565760	-32.937081	0	T:149.0(16.52%),B:3740.8(8.47%),P:1e-14	Tpos:24.0,Tstd:12.6,Bpos:24.5,Bstd:17.0,StrandBias:0.0,Multiplicity:1.12
0.083	0.001	0.701	0.215
0.086	0.010	0.903	0.001
0.001	0.265	0.530	0.204
0.001	0.530	0.161	0.308
0.082	0.866	0.051	0.001
0.396	0.489	0.045	0.070
>CCGACH	3-CCGACH	4.618562	-21.315937	0	T:130.0(14.41%),B:3647.7(8.26%),P:1e-9	Tpos:25.4,Tstd:13.8,Bpos:25.3,Bstd:16.4,StrandBias:-0.1,Multiplicity:1.06
0.101	0.766	0.001	0.132
0.001	0.961	0.032	0.006
0.105	0.230	0.664	0.001
0.796	0.001	0.094	0.109
0.222	0.553	0.050	0.175
0.261	0.303	0.105	0.332
>AGACAG	4-AGACAG	3.782032	-11.159821	0	T:267.0(29.60%),B:10372.9(23.49%),P:1e-4	Tpos:23.3,Tstd:12.6,Bpos:25.0,Bstd:15.7,StrandBias:0.2,Multiplicity:1.19
0.598	0.001	0.001	0.400
0.001	0.001	0.997	0.001
0.853	0.145	0.001	0.001
0.001	0.925	0.065	0.009
0.621	0.001	0.201	0.177
0.001	0.001	0.997	0.001
>ACTTTT	5-ACTTTT	6.177716	-9.067617	0	T:55.0(6.10%),B:1575.8(3.57%),P:1e-3	Tpos:25.2,Tstd:12.6,Bpos:24.5,Bstd:17.3,StrandBias:0.3,Multiplicity:1.02
0.700	0.100	0.100	0.100
0.100	0.700	0.100	0.100
0.100	0.100	0.100	0.700
0.100	0.100	0.100	0.700
0.100	0.100	0.100	0.700
0.100	0.100	0.100	0.700
