>CACGTG	1-CACGTG	6.233702	-63.752029	0	T:187.0(20.73%),B:3860.5(8.74%),P:1e-27	Tpos:24.1,Tstd:13.9,Bpos:25.0,Bstd:20.8,StrandBias:-0.0,Multiplicity:1.15
0.001	0.997	0.001	0.001
0.997	0.001	0.001	0.001
0.001	0.839	0.001	0.159
0.001	0.001	0.997	0.001
0.001	0.206	0.001	0.792
0.001	0.001	0.997	0.001
>GGGCCM	2-GGGCCM	4.565760	-32.937081	0	T:149.0(16.52%),B:3740.8(8.47%),P:1e-14	Tpos:24.0,Tstd:12.6,Bpos:24.5,Bstd:17.0,StrandBias:0.0,Multiplicity:1.12
0.083	0.001	0.701	0.215
0.086	0.010	0.903	0.001
0.001	0.265	0.530	0.204
0.001	0.530	0.161	0.308
0.082	0.866	0.051	0.001
0.396	0.489	0.045	0.070
>CCGACH	3-CCGACH	4.618562	-21.315937	0	T:130.0(14.41%),B:3647.7(8.26%),P:1e-9	Tpos:25.4,Tstd:13.8,Bpos:25.3,Bstd:16.4,StrandBias:-0.1,Multiplicity:1.06
0.101	0.766	0.001	0.132
0.001	0.961	0.032	0.006
0.105	0.230	0.664	0.001
0.796	0.001	0.094	0.109
0.222	0.553	0.050	0.175
0.261	0.303	0.105	0.332
>AGACAG	4-AGACAG	3.782032	-11.159821	0	T:267.0(29.60%),B:10372.9(23.49%),P:1e-4	Tpos:23.3,Tstd:12.6,Bpos:25.0,Bstd:15.7,StrandBias:0.2,Multiplicity:1.19
0.598	0.001	0.001	0.400
0.001	0.001	0.997	0.001
0.853	0.145	0.001	0.001
0.001	0.925	0.065	0.009
0.621	0.001	0.201	0.177
0.001	0.001	0.997	0.001
>ACTTTT	5-ACTTTT	6.177716	-9.067617	0	T:55.0(6.10%),B:1575.8(3.57%),P:1e-3	Tpos:25.2,Tstd:12.6,Bpos:24.5,Bstd:17.3,StrandBias:0.3,Multiplicity:1.02
0.700	0.100	0.100	0.100
0.100	0.700	0.100	0.100
0.100	0.100	0.100	0.700
0.100	0.100	0.100	0.700
0.100	0.100	0.100	0.700
0.100	0.100	0.100	0.700
>VGCACGTG	1-VGCACGTG	4.743282	-70.142525	0	T:204.0(22.62%),B:4212.6(9.54%),P:1e-30	Tpos:24.6,Tstd:13.1,Bpos:25.3,Bstd:19.5,StrandBias:-0.1,Multiplicity:1.13
0.370	0.236	0.240	0.154
0.175	0.228	0.404	0.193
0.060	0.885	0.029	0.026
0.634	0.022	0.343	0.001
0.001	0.807	0.059	0.133
0.128	0.020	0.820	0.032
0.035	0.186	0.016	0.763
0.085	0.046	0.868	0.001
>TRGGGNCC	2-TRGGGNCC	4.244245	-48.349123	0	T:186.0(20.62%),B:4384.0(9.93%),P:1e-20	Tpos:24.0,Tstd:12.2,Bpos:24.5,Bstd:16.0,StrandBias:0.0,Multiplicity:1.09
0.204	0.163	0.197	0.436
0.256	0.189	0.369	0.186
0.150	0.071	0.522	0.257
0.001	0.001	0.970	0.028
0.125	0.141	0.658	0.076
0.315	0.282	0.214	0.189
0.001	0.997	0.001	0.001
0.093	0.762	0.033	0.112
>TTTTATTG	3-TTTTATTG	4.970134	-21.595729	0	T:181.0(20.07%),B:5623.1(12.73%),P:1e-9	Tpos:24.7,Tstd:13.6,Bpos:25.0,Bstd:16.0,StrandBias:-0.1,Multiplicity:1.10
0.100	0.064	0.035	0.801
0.135	0.112	0.041	0.712
0.087	0.110	0.078	0.725
0.150	0.158	0.105	0.587
0.869	0.028	0.050	0.053
0.081	0.073	0.073	0.773
0.072	0.065	0.008	0.855
0.112	0.109	0.693	0.086
>TCTCTCTC	4-TCTCTCTC	7.490631	-15.994830	0	T:67.0(7.43%),B:1638.5(3.71%),P:1e-6	Tpos:24.6,Tstd:13.4,Bpos:25.7,Bstd:13.2,StrandBias:-1.1,Multiplicity:1.12
0.076	0.001	0.001	0.922
0.018	0.954	0.001	0.027
0.058	0.022	0.017	0.903
0.058	0.877	0.001	0.064
0.009	0.013	0.001	0.977
0.045	0.897	0.001	0.057
0.027	0.052	0.001	0.920
0.079	0.861	0.037	0.023
>TGTCTTTT	5-TGTCTTTT	6.779272	-14.439041	0	T:73.0(8.09%),B:1927.8(4.37%),P:1e-6	Tpos:24.6,Tstd:12.5,Bpos:25.2,Bstd:17.1,StrandBias:-0.7,Multiplicity:1.04
0.001	0.040	0.033	0.926
0.001	0.063	0.935	0.001
0.036	0.054	0.044	0.866
0.001	0.735	0.126	0.138
0.115	0.057	0.139	0.689
0.001	0.001	0.001	0.997
0.001	0.032	0.031	0.936
0.033	0.055	0.001	0.911
