# R script for Peak Model
#  -- generated by MACS
p <- c(0.07589260847769175,0.08807720158190832,0.10060992591767393,0.11383891271653762,0.12463098089455801,0.12497911212610706,0.12463098089455801,0.12289032473681279,0.12393471843145992,0.12428284966300897,0.12323845596836183,0.12254219350526374,0.12114966857906756,0.12080153734751851,0.1214977998106166,0.11836461872667521,0.11836461872667521,0.12045340611596947,0.12010527488442044,0.12393471843145992,0.12463098089455801,0.12428284966300897,0.12393471843145992,0.12254219350526374,0.12323845596836183,0.12114966857906756,0.11871274995822426,0.11349078148498858,0.11244638779034145,0.10652815685400768,0.1051356319278115,0.10687628808555673,0.10722441931710577,0.10687628808555673,0.1051356319278115,0.10652815685400768,0.10339497577006629,0.10687628808555673,0.108965075474851,0.108965075474851,0.10931320670640005,0.1026987133069682,0.10409123823316438,0.10374310700161533,0.1026987133069682,0.1026987133069682,0.10652815685400768,0.10618002562245864,0.10026179468612488,0.10652815685400768,0.10304684453851724,0.108965075474851,0.10304684453851724,0.10060992591767393,0.10443936946471342,0.10757255054865482,0.1051356319278115,0.10130618838077202,0.10304684453851724,0.0957360886759873,0.09712861360218347,0.09503982621288921,0.09782487606528156,0.10095805714922297,0.09921740099147774,0.09712861360218347,0.09678048237063444,0.09956553222302679,0.09991366345457584,0.10060992591767393,0.0988692697599287,0.09747674483373252,0.0957360886759873,0.09329917005514399,0.09225477636049685,0.09155851389739876,0.09225477636049685,0.09329917005514399,0.09434356374979112,0.09817300729683061,0.09817300729683061,0.0988692697599287,0.10304684453851724,0.10409123823316438,0.09956553222302679,0.10095805714922297,0.09921740099147774,0.09503982621288921,0.09086225143430067,0.08912159527655546,0.09086225143430067,0.08981785773965353,0.08738093911881023,0.08946972650810449,0.09121038266584972,0.08703280788726118,0.08494402049796691,0.08738093911881023,0.08946972650810449,0.09086225143430067,0.09121038266584972,0.09051412020275162,0.09155851389739876,0.08772907035035928,0.08912159527655546,0.0919066451289478,0.09329917005514399,0.09225477636049685,0.09051412020275162,0.08738093911881023,0.08424775803486882,0.08529215172951596,0.08285523310867264,0.08285523310867264,0.08007018325628029,0.08111457695092743,0.07972205202473125,0.08007018325628029,0.0818108394140255,0.08041831448782934,0.08529215172951596,0.08598841419261405,0.08981785773965353,0.09155851389739876,0.09434356374979112,0.0926029075920459,0.09608421990753635,0.0964323511390854,0.09608421990753635,0.09712861360218347,0.09712861360218347,0.09503982621288921,0.09364730128669303,0.09016598897120258,0.08912159527655546,0.08946972650810449,0.08807720158190832,0.08946972650810449,0.08877346404500641,0.09086225143430067,0.0863365454241631,0.08598841419261405,0.08772907035035928,0.08877346404500641,0.08842533281345737,0.08668467665571214,0.08424775803486882,0.08494402049796691,0.08494402049796691,0.08389962680331978,0.08529215172951596,0.08389962680331978,0.07972205202473125,0.08215897064557455,0.08007018325628029,0.07972205202473125,0.0825071018771236,0.08076644571937838,0.08076644571937838,0.07867765833008411,0.07589260847769175,0.07832952709853507,0.07658887094078984,0.0755444772461427,0.07763326463543697,0.0818108394140255,0.08459588926641787,0.08459588926641787,0.08459588926641787,0.08320336434022169,0.085640282961065,0.08598841419261405,0.08842533281345737,0.08946972650810449,0.08912159527655546,0.08529215172951596,0.0793739207931822,0.07798139586698602,0.07728513340388793,0.08146270818247647,0.07972205202473125,0.07902578956163316,0.07763326463543697,0.07380382108839748,0.07380382108839748,0.07589260847769175,0.07867765833008411,0.08007018325628029,0.07832952709853507,0.0755444772461427,0.07728513340388793,0.07902578956163316,0.07763326463543697,0.07867765833008411,0.07589260847769175,0.07380382108839748,0.07136690246755417,0.06753745892051467,0.06858185261516181,0.07136690246755417,0.07136690246755417,0.06718932768896563,0.06684119645741658,0.06858185261516181,0.07067064000445608,0.07101877123600513,0.07101877123600513,0.07101877123600513,0.07032250877290704,0.06753745892051467,0.06718932768896563,0.06788559015206372,0.0692781150782599,0.06823372138361276,0.06753745892051467,0.06823372138361276,0.06684119645741658,0.06997437754135799,0.06997437754135799,0.0731075586252994,0.07450008355149557,0.07798139586698602,0.07867765833008411,0.07798139586698602,0.08007018325628029,0.08007018325628029,0.08076644571937838,0.08041831448782934,0.0825071018771236,0.0793739207931822,0.07867765833008411,0.07832952709853507,0.07415195231994652,0.07589260847769175,0.07624073970924079,0.07519634601459366,0.07658887094078984,0.07450008355149557,0.07275942739375035,0.07171503369910322,0.06962624630980895,0.06823372138361276,0.07206316493065226,0.06858185261516181,0.06823372138361276,0.07032250877290704,0.06753745892051467,0.0692781150782599,0.07101877123600513,0.07206316493065226,0.07136690246755417,0.07345568985684844,0.07484821478304461,0.0755444772461427,0.07519634601459366,0.07624073970924079,0.07519634601459366,0.07484821478304461,0.07101877123600513,0.07136690246755417,0.07171503369910322,0.06718932768896563,0.06335988414192614,0.06335988414192614,0.06335988414192614,0.059182309363337605,0.06510054029967137,0.06440427783657328,0.06788559015206372,0.06858185261516181,0.06788559015206372,0.0692781150782599,0.07345568985684844,0.07484821478304461,0.07380382108839748,0.07415195231994652,0.07067064000445608,0.0755444772461427,0.07241129616220131,0.07101877123600513,0.07206316493065226,0.07206316493065226,0.06823372138361276,0.06753745892051467,0.06718932768896563,0.06684119645741658,0.06823372138361276,0.06440427783657328,0.06614493399431849,0.06475240906812232,0.06510054029967137,0.06614493399431849,0.06718932768896563,0.06684119645741658,0.06684119645741658,0.06614493399431849,0.06753745892051467,0.06892998384671085,0.06962624630980895,0.07380382108839748,0.07380382108839748,0.07380382108839748,0.07798139586698602,0.08215897064557455,0.0825071018771236,0.08842533281345737,0.08424775803486882,0.08041831448782934,0.0825071018771236,0.07972205202473125,0.08076644571937838,0.08007018325628029,0.07763326463543697,0.07589260847769175,0.08111457695092743,0.07832952709853507,0.08041831448782934,0.08389962680331978,0.08111457695092743,0.085640282961065,0.085640282961065,0.08703280788726118,0.085640282961065,0.08459588926641787,0.08215897064557455,0.08146270818247647,0.08111457695092743,0.08007018325628029,0.08320336434022169,0.07902578956163316,0.07589260847769175,0.07798139586698602,0.07693700217233888,0.08007018325628029,0.08076644571937838,0.0818108394140255,0.0818108394140255,0.08146270818247647,0.08320336434022169,0.08215897064557455,0.08807720158190832,0.08598841419261405,0.08981785773965353,0.08772907035035928,0.08424775803486882,0.08355149557177073,0.08355149557177073,0.08320336434022169,0.08146270818247647,0.0863365454241631,0.08320336434022169,0.08215897064557455,0.07972205202473125,0.07798139586698602,0.08007018325628029,0.08111457695092743,0.08285523310867264,0.08285523310867264,0.08389962680331978,0.08320336434022169,0.08494402049796691,0.08738093911881023,0.08981785773965353,0.08946972650810449,0.08807720158190832,0.08807720158190832,0.08842533281345737,0.08981785773965353,0.08842533281345737,0.08703280788726118,0.08320336434022169,0.08285523310867264,0.08285523310867264,0.08389962680331978,0.08389962680331978,0.08355149557177073,0.08424775803486882,0.08459588926641787,0.08215897064557455,0.08215897064557455,0.08529215172951596,0.08320336434022169,0.0793739207931822,0.07728513340388793,0.07624073970924079,0.0731075586252994,0.07380382108839748,0.07484821478304461,0.0755444772461427,0.07275942739375035,0.07415195231994652,0.07798139586698602,0.08007018325628029,0.08146270818247647,0.08355149557177073,0.08703280788726118,0.08668467665571214,0.085640282961065,0.08668467665571214,